1	B81541	2
1	9BA7BE	2
1	865764	2
1	7A88D9	2
1	A96D20	2
1	90EB22	2
1	985E48	2
1	5E8920	2
1	740B59	2
1	81B3EB	2
1	BE1C3C	2
1	6A2C15	2
1	17ED3B	2
1	59AA13	2
1	184126	2
1	5EE4B3	2
1	4E0701	2
1	376629	2
1	7B7A16	2
1	D1313A	2
1	6842EE	2
1	14CE63	2
1	2BCA58	2
1	39861E	2
1	C1C4E6	2
1	9DBC9B	2
1	976671	2
1	43C836	2
1	7E8895	2
1	AD78AA	2
1	C06616	2
1	7BAC74	2
1	3DD499	2
1	53ADAA	2
1	3D9A86	2
1	CABA87	2
1	5C315D	2
1	2EB2C5	2
1	9D9BB1	2
1	6AA79D	2
1	E5B6E1	2
1	B34A13	2
1	9EDC48	2
1	8750E4	2
1	2C1788	2
1	2363CD	2
1	D620DA	2
1	729B2D	2
1	41B624	2
1	11637A	2
2	934C9E	2
2	EBEC81	2
2	0C0329	2
2	7E7D05	2
2	4BA1B3	2
2	924A9A	2
2	C8946B	2
2	21EB83	2
2	A670B6	2
2	35C7B5	2
2	7006E7	2
2	69B1A0	2
2	896BC5	2
2	68A6DD	2
2	E603AD	2
2	9B96CE	2
2	933DB3	2
2	711D62	2
2	242CA6	2
2	465CDA	2
2	D0D198	2
2	08DC2D	2
2	AAE590	2
2	156EA9	2
2	0BC5E3	2
2	67AE82	2
2	0BE310	2
2	4E1C20	2
2	C4120D	2
2	874029	2
2	9A5D1B	2
2	C94CC5	2
2	21A938	2
2	A5EB69	2
2	71B605	2
2	25EA42	2
2	300D1B	2
2	B77435	2
2	615C30	2
2	D58932	2
2	BB5A15	2
2	173A7E	2
2	5AC9AA	2
2	A77612	2
2	05B6B1	2
2	67D060	2
2	2B3B42	2
2	2160D8	2
2	A6D908	2
2	40B6CE	2
2	552C4E	2
2	94CE04	2
2	50D641	2
2	2B6173	2
2	5C1D32	2
2	CCE882	2
2	C63443	2
2	81735E	2
2	7BC7C1	2
2	919AAB	2
2	E8256C	2
2	5303CA	2
2	41CE9B	2
2	602993	2
2	BE0578	2
2	81DA91	2
2	ACBDD0	2
2	BD6257	2
2	9CB649	2
2	D36773	2
2	95D6B0	2
2	04CA54	2
2	0547CC	2
2	528DE4	2
2	92C9B2	2
2	DB9E32	2
2	B4A141	2
2	26262C	2
2	4B93EA	2
2	232E69	2
2	8D7EDC	2
2	568726	2
2	58D370	2
2	B01C41	2
2	9DD8B7	2
2	542C15	2
2	A2BB13	2
2	0B07EC	2
2	CB357B	2
2	EE3D89	2
2	894E0D	2
2	46945B	2
2	5ADA8C	2
2	79360B	2
2	339C55	2
2	E92146	2
2	972E23	2
2	E4530C	2
2	D54B21	2
2	E74960	2
3	60C6EA	2
3	9254A1	2
3	298AA5	2
3	60CE0D	2
3	979071	2
3	86A9ED	2
3	D1ACBD	2
3	DCB6BA	2
3	35D40C	2
3	BDD897	2
3	038535	2
3	9DA6D9	2
3	3466EA	2
3	54E2D6	2
3	610216	2
3	D5A805	2
3	5D6B09	2
3	43E752	2
3	A6A874	2
3	AEE5B9	2
3	897A1C	2
3	A80CC6	2
3	05B163	2
3	5C2A87	2
3	C131B7	2
3	9BC8D1	2
3	756727	2
3	3B5A41	2
3	3B8929	2
3	35C077	2
3	42B746	2
3	732298	2
3	B4782B	2
3	989B78	2
3	4B71B5	2
3	7958E4	2
3	550E11	2
3	99577B	2
3	47CAED	2
3	9A65DD	2
3	0697E6	2
3	DEAE52	2
3	57B01E	2
3	CA7CAD	2
3	625095	2
3	D2D7B7	2
3	AD0C56	2
3	CDADC2	2
3	B97E1B	2
3	5127C5	2
3	CA6B4B	2
3	479187	2
3	74E9B5	2
3	C04244	2
3	D04B45	2
3	408B65	2
3	35684B	2
3	59AA7B	2
3	B41332	2
3	B2A85E	2
3	8E5127	2
3	859EC5	2
3	1A36CE	2
3	31D10A	2
3	D87229	2
3	4D4C46	2
3	E44657	2
3	94D90E	2
3	A3A2E1	2
3	61D26D	2
3	E30964	2
3	728A3E	2
3	E50AE0	2
3	C311A3	2
3	C84436	2
3	62A81E	2
3	30DC2A	2
3	667C3A	2
3	D79951	2
3	399570	2
3	67D42D	2
3	1EC028	2
3	640C34	2
3	D36AE6	2
3	9BCDD5	2
3	DD7261	2
3	9A1DD4	2
3	97120B	2
3	11A206	2
3	7EE590	2
3	E75BDB	2
3	1B1A25	2
3	8CD023	2
3	34491E	2
3	0E3113	2
3	E4AC0A	2
3	6B448A	2
3	E0D2E9	2
3	DE269B	2
3	E4D434	2
3	9E66A5	2
3	31D728	2
3	235650	2
3	2EB16B	2
3	5E65CE	2
3	32A683	2
3	B47417	2
3	CE6D86	2
3	551875	2
3	794E83	2
3	C23CB7	2
3	DB9175	2
3	3D607B	2
3	426D66	2
3	88C56A	2
3	712642	2
3	BBBE47	2
3	D8EA57	2
3	851ED6	2
3	670049	2
3	8E5AD7	2
3	695B2C	2
3	D98567	2
3	2C8BC0	2
3	B008C7	2
3	759DC3	2
3	8B56C3	2
3	71D15D	2
3	E7E8E5	2
3	58A6C0	2
3	13106A	2
3	E5D7D1	2
3	63AE3D	2
3	1CA5C3	2
3	A8949E	2
3	721206	2
3	A2B076	2
3	AEA3B5	2
3	910A47	2
3	E6C371	2
3	A1CE6A	2
3	906475	2
3	6227C9	2
3	8AD0B0	2
3	64E769	2
3	876205	2
3	91E051	2
3	E60219	2
3	1C8026	2
3	B62B03	2
3	52CB06	2
3	26C49D	2
3	430ECE	2
3	868957	2
3	B63A0E	2
3	BEE124	2
3	D8E3A5	2
3	584307	2
3	A0EB8E	2
3	28460D	2
3	7A5BC1	2
3	5E3A95	2
3	707652	2
3	77BD5A	2
3	5A757C	2
3	D9C00B	2
3	A25045	2
3	75B149	2
3	C80167	2
3	A6E6E2	2
3	33C8CD	2
3	CD481E	2
3	00C77C	2
3	947574	2
3	1BB76D	2
3	65CCE1	2
3	439396	2
3	C5D09C	2
3	BDDDC9	2
3	0ED8B9	2
3	C1D061	2
3	BACCC1	2
3	B45CD1	2
3	6D9710	2
3	7874E4	2
3	E3B3D9	2
3	D8C9CD	2
3	87AC4B	2
3	718E98	2
3	8E4CCA	2
3	39D577	2
3	3AB41E	2
3	6D4DCC	2
3	07E26E	2
3	C9768E	2
3	247A9E	2
3	9B393D	2
3	93DCC3	2
3	A1DDBC	2
3	802404	2
3	B70550	2
3	AD341B	2
3	9AD142	2
3	BC6975	2
3	E0E07A	2
3	DA7C45	2
3	626B3B	2
3	61B43C	2
3	3449A9	2
3	EE78E3	2
3	D68844	2
3	AD630C	2
3	2D96C6	2
3	60CADC	2
3	435693	2
3	16D3C1	2
3	267AEC	2
3	265090	2
3	A6289B	2
3	88A451	2
3	6BC654	2
3	9E6290	2
3	6A8C68	2
3	D82463	2
3	5432E9	2
3	A12663	2
3	5A9D94	2
3	E321AA	2
3	E2D2D9	2
3	4BE9E7	2
3	B12D23	2
3	6CCE37	2
3	284490	2
3	5C4C86	2
3	8E37AE	2
3	4A7165	2
3	B30A16	2
3	32225E	2
3	CC0A34	2
3	93736B	2
3	D4B539	2
3	A1380D	2
3	207163	2
3	B6232C	2
3	CE4693	2
3	0D9B98	2
3	2CABBA	2
3	859206	2
3	4E6396	2
3	9EBC4C	2
3	C940AC	2
3	6465C4	2
3	68DB15	2
3	0D6C43	2
3	D49C37	2
3	12DA51	2
3	E08258	2
3	4761CC	2
3	5686AC	2
3	3A6ECD	2
3	6BB97D	2
3	D3505D	2
3	2719D6	2
3	5ECB72	2
3	8179D4	2
3	466680	2
3	BB5AB5	2
3	8296EB	2
3	BD4C59	2
3	B5C5A8	2
3	B72555	2
3	32C976	2
3	0A5468	2
3	0AEBC2	2
3	B526B0	2
3	09A4AA	2
3	6C784D	2
3	0E9C19	2
3	3CB7E2	2
3	77D23C	2
3	1C8B72	2
3	6EB22B	2
3	CE9529	2
3	454680	2
3	355CD6	2
3	CC9198	2
3	7904DA	2
3	3DE931	2
3	E6BDE6	2
3	606E25	2
3	4D4328	2
3	B0081E	2
3	491D48	2
3	EBADB0	2
3	905A01	2
3	CD0A7C	2
3	B36618	2
3	286934	2
3	D9E742	2
3	E36976	2
3	3A3B37	2
3	4719EA	2
3	CCB8E7	2
3	2E6406	2
3	940CD3	2
3	504905	2
3	ADADA0	2
3	1C32D4	2
3	AC0721	2
3	A58C7D	2
3	AED5B6	2
3	2D3D04	2
3	93D8B4	2
3	A62159	2
3	62BE64	2
3	CD76A4	2
3	ABA24D	2
3	E6B2E1	2
3	CB8427	2
3	EA6357	2
3	B668D1	2
3	C05BBE	2
3	9B7C8B	2
3	349824	2
3	1146A5	2
3	6525EE	2
3	DC784E	2
3	13D97D	2
3	55497C	2
3	25A36E	2
3	44A49A	2
3	1577B3	2
3	99B634	2
3	68EC28	2
3	5AC660	2
3	33338E	2
3	E852CE	2
3	4AB294	2
3	C2B39B	2
3	765EE1	2
3	449474	2
3	70D568	2
3	881A7A	2
3	DED75E	2
3	7C294D	2
3	6CCEDC	2
3	798B4C	2
3	87A059	2
3	EB1C1C	2
3	446A18	2
